10
1427.5000000
1432.4300000
1430.8100000
1429.4000000
1429.5100000
1432.0000000
1437.3500000
1437.9800000
1444.7600000
1446.6100000
1446.1400000
1444.3300000
1444.7200000
1444.8100000
1445.2200000
1445.3900000
1439.3700000
1444.9200000
1446.5700000
1444.8900000
1443.4000000
1443.4700000
1447.5900000
1449.0500000
1450.3400000
1450.4500000
1450.8700000
1450.6400000
1452.9900000
1456.9400000
1446.1300000
1439.9700000
1434.7000000
1438.1100000
1437.1700000
1446.6000000
1434.9100000
1437.3800000
1438.2300000
1439.0300000
1439.5200000
1439.3300000
1434.0600000
1436.0300000
1442.9900000
1440.9900000
1443.3400000
1441.5800000
1445.7500000
1445.8600000
1440.6000000
1439.4700000
1439.9300000
1438.3700000
1438.7300000
1438.9500000
1435.6400000
1439.6300000
1445.0100000
1443.7200000
1443.3700000
1441.3200000
1442.9000000
1443.4800000
1448.3600000
1447.7800000
1445.0300000
1445.6800000
1446.3400000
1446.4400000
1460.7300000
1461.2200000
1468.3300000
1473.9300000
1472.9100000
1474.6500000
1476.8200000
1472.9300000
1476.8800000
1475.6400000
1475.4300000
1473.9400000
1474.3600000
1473.9600000
1472.6900000
1467.6500000
1473.2000000
1478.9100000
1474.7200000
1466.7100000
1467.8900000
1468.9400000
1465.4700000
1466.7100000
1467.8400000
1468.3300000
1468.2900000
1470.2400000
1470.2600000
1459.9000000
1464.5200000
1476.4100000
1483.0300000
1481.7300000
1478.2500000
1470.7400000
1464.5300000
1464.9400000
1465.2500000
1465.5700000
1466.3800000
1463.1700000
1464.3800000
1467.9000000
1464.9000000
1468.8500000
1467.3300000
1470.4600000
1475.2100000
1469.5000000
1463.4300000
1460.2100000
1460.6100000
1459.4400000
1459.0100000
1459.4100000
1451.1100000
1448.5000000
1462.5500000
1460.0400000
1462.0100000
1462.7900000
1464.3900000
1466.0100000
1464.4200000
1465.2900000
1464.8000000
1465.0700000
1465.9700000
1465.9100000
1485.7800000
1494.0900000
1491.9400000
1491.0400000
1485.0100000
1480.5000000
1481.5400000
1480.5800000
1486.3400000
1485.2100000
1485.6500000
1486.4700000
1485.6700000
1484.7200000
1479.6300000
1483.3800000
1482.6800000
1488.9300000
1487.8500000
1489.2800000
1486.7000000
1487.1500000
1493.7000000
1496.4000000
1495.4200000
1497.6600000
1496.2300000
1496.3500000
1500.5200000
1497.7800000
1496.1800000
1492.6400000
1497.6200000
1499.4300000
1501.9100000
1502.7500000
1503.7000000
1503.6700000
1504.5200000
1504.3400000
1505.6600000
1505.7500000
1498.9400000
1499.0800000
1497.2000000
1500.8400000
1499.4700000
1500.4800000
1497.2600000
1486.9000000
1491.1500000
1489.8800000
1489.7500000
1489.9000000
1490.4000000
1490.4100000
1489.2500000
1487.1700000
1488.6000000
1480.0100000
1485.5800000
1486.8300000
1493.1500000
1492.7500000
1499.2700000
1497.6100000
1497.1200000
1496.3700000
1496.3900000
1496.0900000
1494.0300000
1490.7600000
1488.1000000
1487.5500000
1486.2000000
1484.7900000
1488.7800000
1491.4100000
1488.7000000
1489.9700000
1489.8600000
1489.5800000
1488.9300000
1489.4100000
1504.0400000
1501.8700000
1504.9200000
1499.7600000
1493.8500000
1496.0400000
1494.6200000
1495.8300000
1498.7900000
1500.3200000
1501.8700000
1501.5400000
1506.3900000
1504.2300000
1510.5500000
1511.2000000
1506.3400000
1513.5400000
1515.1800000
1514.0100000
1513.8500000
1516.7700000
1514.7200000
1513.2400000
1512.0700000
1514.3800000
1512.9000000
1512.0800000
1517.4100000
1508.3800000
1514.2000000
1516.4600000
1515.1400000
1512.0500000
1514.1000000
1505.0900000
1508.0400000
1510.3700000
1510.5700000
1510.2500000
1510.9700000
1511.6100000
1503.9100000
1501.9200000
1498.8300000
1495.1800000
1497.3600000
1503.5800000
1500.7500000
1496.1300000
1496.3000000
1499.2700000
1499.4300000
1499.2300000
1499.4900000
1500.5100000
1513.9900000
1515.4800000
1515.0800000
1512.0500000
1516.7000000
1510.1900000
1507.2000000
1505.9100000
1514.0300000
1511.7600000
1511.3500000
1512.2400000
1511.5200000
1510.9100000
1507.2600000
1508.3200000
1524.1300000
1531.4900000
1533.7200000
1535.5600000
1532.5600000
1537.1300000
1539.3600000
1545.1700000
1544.9400000
1544.9500000
1545.1700000
1544.6400000
1542.3900000
1541.6100000
1541.9200000
1541.3200000
1537.6100000
1539.7300000
1534.2800000
1538.1400000
1542.3900000
1542.9400000
1541.3100000
1540.4600000
1541.5800000
1540.7000000
1539.6000000
1544.1500000
1540.1300000
1542.9500000
1542.6400000
1542.5100000
1542.8000000
1553.8100000
1564.8200000
1567.1600000
1568.3900000
1568.7000000
1568.5400000
1569.1800000
1563.6300000
1562.3400000
1563.6200000
1565.4100000
1568.1600000
1560.1100000
1563.1300000
1558.5900000
1562.8700000
1562.4500000
1562.5800000
1563.1800000
1562.9600000
1563.1000000
1560.0100000
1569.4400000
1563.6100000
1560.6200000
1557.0900000
1551.2300000
1548.4700000
1552.0200000
1549.4900000
1552.2700000
1553.6600000
1553.9300000
1556.0200000
1556.0300000
1565.5000000
1568.3600000
1564.0000000
1563.0600000
1558.3400000
1560.5800000
1559.3700000
1553.6100000
1555.1100000
1554.1100000
1553.2200000
1553.5500000
1555.1700000
1554.9600000
1562.6600000
1558.7100000
1558.1800000
1556.4300000
1549.9100000
1536.8900000
1543.5000000
1543.2200000
1541.6400000
1542.7800000
1543.4800000
1543.2500000
1542.8800000
1543.1600000
1536.5300000
1526.3900000
1534.1100000
1531.3400000
1529.5200000
1532.7000000
1528.3100000
1525.9000000
1525.1700000
1526.6300000
1526.5000000
1526.5100000
1525.7400000
1524.9200000
1545.0700000
1548.5700000
1548.5300000
1549.3800000
1557.8200000
1555.9500000
1558.8100000
1556.9700000
1559.2100000
1559.9400000
1560.4600000
1560.3700000
1561.6600000
1561.4500000
1557.0800000
1560.5200000
1561.3900000
1563.4100000
1570.8700000
1570.9300000
1568.2800000
1559.1800000
1562.1300000
1560.4900000
1561.3800000
1560.9700000
1561.3300000
1556.2200000
1577.2500000
1579.5300000
1574.8800000
1573.4700000
1577.7400000
1576.2700000
1579.5500000
1577.8000000
1579.3800000
1580.8300000
1580.7800000
1577.7400000
1576.1900000
1573.4200000
1556.4600000
1559.0700000
1562.3800000
1563.8700000
1564.2000000
1562.9700000
1562.6900000
1566.3300000
1570.3600000
1572.5500000
1574.9500000
1574.9300000
1577.1500000
1578.1000000
1582.2400000
1579.9500000
1573.2900000
1569.3000000
1569.1000000
1570.0300000
1569.0200000
1560.9400000
1568.5400000
1567.6500000
1567.5000000
1569.4200000
1569.1700000
1569.4200000
1580.5700000
1579.8800000
1580.0600000
1580.6700000
1580.4800000
1578.9000000
1579.5700000
1578.1900000
1579.1900000
1579.2300000
1577.9900000
1578.1600000
1577.9600000
1576.6800000
1571.5400000
1562.8800000
1565.1600000
1565.6000000
1562.4100000
1559.8200000
1558.8700000
1560.9300000
1558.9800000
1557.3000000
1558.5300000
1557.9200000
1559.5300000
1559.8100000
1563.3500000
1569.2700000
1560.9100000
1558.9600000
1549.3200000
1541.6000000
1542.2700000
1542.1300000
1538.1700000
1535.6500000
1535.3100000
1535.6900000
1537.0300000
1537.5000000
1550.0700000
1550.3500000
1547.0300000
1550.3600000
1570.3300000
1580.6200000
1586.7200000
1590.7200000
1594.5500000
1598.6800000
1600.6000000
1599.7200000
1599.5700000
1599.9200000
1589.9600000
1599.8000000
1587.8400000
1590.6200000
1590.6600000
1590.8400000
1592.0400000
1593.7500000
1592.6600000
1591.3800000
1594.2600000
1595.1800000
1594.7400000
1595.5700000
1586.0500000
1592.6900000
1590.1100000
1585.1900000
1589.3000000
1589.8000000
1588.5600000
1574.7900000
1574.1000000
1580.0000000
1580.1300000
1580.7400000
1580.0000000
1579.2800000
1587.2700000
1588.3200000
1594.8100000
1591.1500000
1593.1600000
1593.2500000
1588.8800000
1590.7300000
1597.6700000
1595.4900000
1594.4100000
1595.0200000
1594.0400000
1594.3200000
1579.3500000
1580.9500000
1586.4000000
1590.1900000
1588.5000000
1590.6700000
1589.9700000
1584.6700000
1595.7800000
1595.0700000
1595.2000000
1596.9000000
1597.9400000
1598.8300000
1603.1800000
1605.6400000
1601.7400000
1603.4500000
1599.0600000
1598.9700000
1590.8700000
1597.6200000
1608.0800000
1613.5400000
1612.8200000
1614.2500000
1613.9100000
1614.1500000
1622.8800000
1615.5800000
1613.8500000
1617.3600000
1617.3200000
1617.5800000
1620.2900000
1624.5900000
1625.7400000
1622.8500000
1622.0800000
1622.0900000
1622.8100000
1622.4400000
1616.8400000
1605.5000000
1591.7200000
1585.1500000
1576.8500000
1573.2200000
1576.9200000
1566.9800000
1562.1900000
1553.7300000
1553.4900000
1551.2100000
1551.9800000
1551.2900000
1561.3100000
1562.8600000
1558.1700000
1555.5500000
1566.6400000
1565.4600000
1565.7600000
1571.1400000
1572.8300000
1570.9600000
1573.7000000
1574.3400000
1573.1300000
1571.6500000
1596.8600000
1598.7000000
1597.9900000
1597.2200000
1597.3500000
1597.5600000
1597.9100000
1601.6700000
1606.3300000
1604.4200000
1604.8200000
1604.9700000
1604.9900000
1604.4200000
1599.1000000
1598.8800000
1609.6700000
1616.0100000
1605.1800000
1602.0700000
1604.9800000
1603.5700000
1604.2600000
1603.5400000
1603.2600000
1603.6700000
1603.9100000
1603.7400000
1612.7200000
1612.1200000
1608.3700000
1610.0000000
1609.6700000
1611.2900000
1610.1900000
1609.8400000
1611.8800000
1613.7800000
1614.4200000
1614.3200000
1613.8500000
1619.9000000
1623.1000000
1621.7600000
1626.2100000
1625.6900000
1629.4700000
1626.7800000
1628.7500000
1632.0800000
1631.1500000
1625.9400000
1626.2700000
1623.3000000
1622.8300000
1624.4800000
1627.6300000
1628.6600000
1629.6700000
1626.4300000
1630.9200000
1634.6200000
1637.8300000
1629.1700000
1626.6300000
1620.7300000
1622.5300000
1621.3700000
1621.9600000
1622.2300000
1627.9400000
1627.8200000
1620.8700000
1620.1800000
1615.1800000
1619.3700000
1617.7800000
1610.8300000
1618.9900000
1616.1200000
1615.9800000
1615.5700000
1616.6600000
1616.4500000
1624.4700000
1604.8700000
1590.4800000
1590.5100000
1588.0700000
1585.4700000
1582.1400000
1588.5100000
1586.4100000
1587.5100000
1587.6600000
1589.6700000
1589.2800000
1588.5800000
1589.1000000
1577.9000000
1572.4500000
1565.1200000
1562.6100000
1563.7400000
1558.1000000
1561.7300000
1558.6500000
1555.1300000
1556.4200000
1557.2200000
1557.9500000
1559.0100000
1555.8000000
1566.6800000
1568.9700000
1567.3600000
1560.4400000
1558.4000000
1543.5700000
1548.3400000
1551.7800000
1551.9400000
1554.9300000
1553.7200000
1554.4100000
1554.0400000
1556.0400000
1551.2800000
1542.5700000
1535.6800000
1537.3400000
1530.7700000
1533.7800000
1528.8900000
1529.5100000
1530.8600000
1531.1900000
1530.5000000
1530.2000000
1530.2000000
1535.1100000
1537.2200000
1530.6400000
1522.3600000
1525.9500000
1524.4400000
1530.8200000
1530.2200000
1540.9700000
1545.6300000
1544.9900000
1545.1400000
1545.3300000
1544.5400000
1554.4300000
1551.7000000
1545.8300000
1549.0800000
1552.2800000
1552.8600000
1561.5700000
1565.0600000
1565.1200000
1565.9300000
1564.8900000
1565.6200000
1566.6100000
1567.2600000
1568.9100000
1565.5700000
1568.0500000
1559.0700000
1564.2500000
1558.5000000
1558.5800000
1555.6300000
1554.2800000
1554.6600000
1554.6400000
1554.5800000
1555.4700000
1555.5300000
1544.9800000
1550.0600000
1535.8000000
1530.9100000
1524.1700000
1529.0500000
1527.8400000
1526.6000000
1520.3700000
1515.7400000
1514.5400000
1514.4200000
1516.1400000
1516.1100000
1515.7000000
1521.0400000
1506.4700000
1502.3900000
1507.4800000
1505.8800000
1510.9000000
1493.0900000
1494.8600000
1496.1700000
1497.3200000
1496.4800000
1498.6100000
1504.3800000
1510.4900000
1517.4900000
1517.9300000
1521.7000000
1515.0400000
1526.4400000
1526.8600000
1523.0500000
1517.3400000
1520.2700000
1520.5900000
1519.9800000
1519.6800000
1518.2900000
1533.9400000
1533.3600000
1525.8100000
1528.3800000
1523.1900000
1516.5300000
1517.2300000
1510.1500000
1521.9000000
1525.3600000
1526.9100000
1526.4100000
1528.6400000
1526.9700000
1533.7400000
1534.6900000
1532.0400000
1539.8100000
1541.0200000
1538.8000000
1546.4300000
1552.0600000
1550.0500000
1548.1700000
1547.7800000
1548.0800000
1544.7600000
1544.9000000
1538.6000000
1542.7700000
1533.0700000
1527.1200000
1519.6700000
1508.1900000
1508.6700000
1515.3400000
1512.8800000
1513.7500000
1513.0800000
1513.4500000
1512.9200000
1514.7600000
1522.2700000
1514.7800000
1507.6200000
1500.5100000
1506.9600000
1508.5900000
1512.4100000
1519.3600000
1525.1100000
1525.7200000
1525.5800000
1522.6300000
1524.8800000
1524.9400000
1525.0300000
1525.2100000
1525.0200000
1526.3100000
1525.8500000
1522.1100000
1504.5400000
1500.8800000
1497.1900000
1497.8100000
1498.5300000
1497.5800000
1498.7900000
1499.0500000
1494.1500000
1485.0600000
1488.5500000
1487.6900000
1487.4400000
1489.6400000
1495.6600000
1498.6100000
1510.4900000
1507.1200000
1508.5300000
1508.5000000
1509.0000000
1509.1100000
1505.9500000
1506.7600000
1518.1900000
1516.8800000
1514.7200000
1515.1800000
1513.7500000
1508.9600000
1498.0700000
1493.2600000
1492.7400000
1487.9800000
1486.8100000
1486.2200000
1495.1600000
1489.9700000
1496.4600000
1508.3100000
1505.0600000
1507.7400000
1518.8600000
1509.2900000
1505.7700000
1504.9000000
1505.5200000
1506.9100000
1507.1000000
1507.5300000
1504.7500000
1492.6200000
1497.5100000
1492.1500000
1495.8600000
1498.4100000
1494.2300000
1501.5400000
1501.6300000
1502.4000000
1503.5400000
1503.7700000
1503.5900000
1502.9700000
1507.7000000
1508.3300000
1510.2800000
1508.8200000
1509.6600000
1501.5100000
1504.2400000
1503.9300000
1502.6500000
1504.9300000
1503.8700000
1505.1000000
1505.3200000
1504.8400000
1493.0300000
1493.2900000
1500.4700000
1499.7500000
1497.4000000
1495.6200000
1496.7800000
1495.8900000
1477.7100000
1476.1900000
1475.1000000
1477.5000000
1478.3700000
1478.5200000
1477.0200000
1472.2100000
1468.5000000
1472.9100000
1473.0800000
1468.1000000
1468.1000000
1466.2000000
1471.6100000
1473.9600000
1475.2300000
1475.4400000
1477.6500000
1478.6400000
1482.2100000
1479.1600000
1473.4100000
1475.3600000
1470.8500000
1470.6900000
1467.8100000
1468.5300000
1468.5500000
1467.7700000
1467.9900000
1468.2000000
1469.1100000
1469.7500000
1476.9400000
1477.5300000
1487.6500000
1496.0000000
1501.9000000
1497.6900000
1492.9500000
1497.0300000
1496.6000000
1495.2500000
1493.9600000
1491.5000000
1488.0700000
1488.3300000
1489.8800000
1489.4400000
1490.8300000
1492.6700000
1493.1300000
1501.3000000
1500.0300000
1502.2300000
1505.1000000
1504.4200000
1504.6600000
1504.0000000
1503.1600000
1503.6100000
1495.4000000
1481.3500000
1469.9500000
1469.8100000
1466.2100000
1465.0100000
1468.0200000
1469.1200000
1466.3500000
1467.0300000
1467.4300000
1468.5200000
1467.1200000
1467.6000000
1468.7200000
1461.8800000
1457.0200000
1447.7200000
1452.7600000
1457.4000000
1459.8100000
1457.5200000
1458.2500000
1458.0500000
1457.5200000
1466.9800000
1465.7700000
1462.6500000
1462.1200000
1464.1300000
1464.4000000
1463.0300000
1466.3100000
1461.8500000
1460.7300000
1461.6800000
1461.9300000
1461.8400000
1462.0800000
1459.9300000
1462.7500000
1456.1000000
1454.6200000
1448.6900000
1450.1500000
1445.1600000
1450.5300000
1447.0600000
1448.1000000
1447.2600000
1449.4300000
1450.9000000
1452.0000000
1446.2300000
1454.5900000
1458.2600000
1458.0800000
1458.4300000
1464.9300000
1467.0400000
1466.3900000
1469.6500000
1470.1900000
1469.9300000
1469.8400000
1469.9600000
1470.0000000
1469.5700000
1471.3100000
1472.2000000
1471.6100000
1470.9600000
1471.9000000
1472.8100000
1472.1700000
1473.5000000
1473.7200000
1473.5800000
1473.8900000
1474.0300000
1474.1400000
1488.0200000
1484.5700000
1485.0200000
1480.5800000
1472.8200000
1470.4600000
1463.3900000
1454.9400000
1446.0400000
1447.9100000
1446.1600000
1447.6300000
1448.1700000
1448.1500000
1443.2500000
1441.5600000
1443.5200000
1444.7700000
1449.3200000
1454.5200000
1448.9800000
1444.7500000
1442.7100000
1442.5000000
1441.8200000
1439.2700000
1439.1500000
1439.9700000
1427.3700000
1413.9800000
1410.5600000
1400.2400000
1403.6700000
1406.3000000
1403.0800000
1392.5500000
1391.1400000
1388.0100000
1389.0000000
1390.5100000
1390.1700000
1390.7300000
1387.3000000
1388.9200000
1386.6700000
1386.0100000
1386.0500000
1384.7400000
1385.3200000
1386.6700000
1386.4100000
1385.5600000
1384.6200000
1385.6300000
1386.1600000
1386.0700000
1354.5100000
1357.7800000
1354.5000000
1373.8300000
1376.6000000
1378.2600000
1383.3900000
1388.2500000
1385.1400000
1386.9700000
1387.4000000
1388.1800000
1389.1400000
1388.6400000
1384.4600000
1377.3000000
1372.0400000
1373.0000000
1378.5700000
1393.2400000
1391.6800000
1386.4000000
1384.0200000
1382.3600000
1382.4300000
1384.3400000
1385.3300000
1385.8000000
1408.5700000
1399.5300000
1395.2400000
1392.3600000
1401.1800000
1399.6900000
1415.2500000
1408.7300000
1408.3100000
1403.5200000
1405.3700000
1405.7200000
1405.2700000
1404.6700000
1378.2400000
1386.8100000
1390.1600000
1387.0700000
1385.6800000
1387.0600000
1380.6100000
1388.7000000
1392.0000000
1388.9400000
1388.3600000
1385.1100000
1385.2400000
1384.6200000
1375.5300000
1373.1400000
1375.2000000
1376.8200000
1376.5700000
1381.9000000
1383.3600000
1386.3000000
1385.8100000
1386.0600000
1386.2300000
1386.4700000
1386.6100000
1386.8100000
1377.3600000
1367.3900000
1357.0800000
1359.4500000
1353.8400000
1356.8700000
1351.8300000
1343.5100000
1337.4200000
1333.5000000
1335.3300000
1335.7900000
1335.4200000
1334.8500000
1332.1500000
1332.0100000
1315.9100000
1325.6000000
1334.3200000
1337.9300000
1333.1800000
1340.5900000
1344.7500000
1344.6800000
1343.9800000
1341.6100000
1342.3200000
1338.4300000
1332.0900000
1327.8000000
1328.0000000
1324.2100000
1322.8200000
1328.8300000
1331.9600000
1337.8800000
1335.1000000
1330.9100000
1330.9900000
1328.7600000
1330.8700000
1331.0100000
1333.5200000
1323.4600000
1323.6000000
1306.3100000
1295.5800000
1291.7300000
1303.3200000
1293.0700000
1287.7900000
1284.3100000
1281.2800000
1282.5900000
1280.6900000
1278.4700000
1254.3900000
1280.5200000
1278.8600000
1286.5800000
1284.9200000
1288.9100000
1284.0500000
1282.1500000
1271.4800000
1270.2700000
1271.2100000
1268.3500000
1268.5600000
1269.1800000
1270.6600000
1285.1100000
1284.3600000
1283.4300000
1287.5300000
1285.2300000
1288.9900000
1293.1900000
1298.4200000
1298.1200000
1298.7300000
1298.1500000
1297.3800000
1298.4700000
1299.3000000
1302.7100000
1297.6700000
1293.4000000
1291.4700000
1300.2900000
1297.9400000
1298.0900000
1301.0900000
1300.2200000
1299.1000000
1299.2600000
1298.9900000
1297.7000000
1284.0900000
1281.7700000
1274.6000000
1259.7900000
1262.8600000
1264.5800000
1263.6400000
1262.0200000
1256.5500000
1256.2600000
1254.0800000
1256.8900000
1258.0400000
1263.6400000
1271.3400000
1250.1700000
1250.7300000
1261.6100000
1260.0800000
1258.7300000
1277.3400000
1276.9700000
1284.4800000
1280.8200000
1277.0900000
1277.3400000
1278.3600000
1279.8300000
1283.7400000
1292.9800000
1284.9500000
1284.8900000
1281.8000000
1286.4100000
1280.9500000
1287.6500000
1281.6000000
1282.9700000
1281.5600000
1282.7800000
1282.0300000
1281.2400000
1303.6100000
1299.8800000
1296.6900000
1299.7100000
1296.8500000
1294.9300000
1294.6400000
1292.3300000
1290.7200000
1291.9500000
1291.4800000
1291.5900000
1291.3100000
1291.4800000
1305.2600000
1311.7300000
1303.4600000
1301.4900000
1305.9600000
1314.2900000
1321.4200000
1326.3400000
1327.0800000
1322.2700000
1321.1800000
1322.0200000
1321.7100000
1322.9900000
1306.1700000
1312.4300000
1307.2300000
1313.9800000
1301.0300000
1310.0800000
1313.0300000
1308.2600000
1308.3000000
1307.9600000
1310.4000000
1314.1900000
1313.2300000
1313.3700000
1321.4300000
1313.8100000
1315.1600000
1317.6900000
1319.5400000
1322.5000000
1320.0300000
1313.3400000
1306.4200000
1307.2700000
1310.5400000
1309.7200000
1310.2900000
1312.2400000
1312.7900000
1319.3300000
1306.5900000
1302.9100000
1289.6100000
1290.7000000
1281.9400000
1289.5300000
1298.0800000
1303.1000000
1301.5200000
1300.3400000
1300.0400000
1299.5000000
1291.8200000
1295.3900000
1294.6300000
1297.1500000
1310.2400000
1307.5100000
1307.4100000
1303.9700000
1305.8600000
1305.7300000
1304.4600000
1305.1400000
1310.9800000
1310.2100000
1318.2900000
1311.7800000
1302.1100000
1298.1600000
1298.2400000
1296.1300000
1298.4400000
1295.7300000
1297.0400000
1292.8200000
1294.6700000
1295.1400000
1295.0900000
1295.8200000
1303.2200000
1294.3000000
1297.1400000
1298.1600000
1307.7500000
1308.3500000
1305.0400000
1310.4600000
1313.2100000
1313.0000000
1313.3400000
1312.2900000
1310.8200000
1310.5300000
1307.1200000
1306.2600000
1305.9700000
1308.3200000
1308.4300000
1327.5200000
1331.2900000
1337.1400000
1336.3300000
1336.1100000
1336.1900000
1335.4900000
1333.8900000
1333.0800000
1322.6200000
1321.2000000
1319.7000000
1331.4200000
1328.2100000
1329.5500000
1328.7100000
1328.2800000
1332.9200000
1333.7200000
1335.1400000
1335.5300000
1336.2500000
1336.2500000
1338.5100000
1339.6300000
1339.4300000
1339.4600000
1338.2100000
1340.2200000
1340.1200000
1336.3800000
1338.0700000
1338.1300000
1338.1900000
1338.1200000
1338.1700000
1338.2900000
1348.4500000
1354.8900000
1351.0400000
1349.1000000
1346.6000000
1345.8400000
1338.9500000
1335.2100000
1346.4300000
1346.2800000
1345.9800000
1345.3800000
1344.6100000
1342.7100000
1340.7900000
1339.2800000
1335.6100000
1334.7300000
1337.8000000
1338.3000000
1341.4000000
1341.6900000
1346.0400000
1349.0100000
1348.2400000
1348.1200000
1346.3300000
1348.2000000
1351.5900000
1355.2500000
1356.6900000
1358.0700000
1357.1000000
1364.4600000
1364.1700000
1372.6100000
1375.2300000
1375.8400000
1375.0500000
1375.5100000
1375.4400000
1375.4100000
1390.3000000
1384.6500000
1382.1900000
1383.1600000
1381.5400000
1380.7500000
1385.6600000
1382.6100000
1389.0000000
1388.6300000
1388.6600000
1388.3900000
1389.0900000
1385.9500000
1386.2300000
1390.8900000
1396.7000000
1391.3000000
1389.3400000
1392.3200000
1390.5700000
1389.0700000
1389.9700000
1391.6800000
1391.4100000
1391.5600000
1391.5800000
1391.4500000
1386.1600000
1378.1300000
1381.5700000
1379.7200000
1383.3300000
1382.8000000
1382.2100000
1374.1700000
1374.6900000
1374.1300000
1373.2900000
1376.4700000
1373.6600000
1373.4500000
1368.2500000
1365.1900000
1366.0300000
1368.6600000
1368.9000000
1380.1900000
1378.3400000
1375.2400000
1363.5800000
1361.8000000
1359.8900000
1356.8400000
1352.9100000
1352.5900000
1345.4500000
1351.2100000
1352.0600000
1351.8700000
1351.4700000
1348.8900000
1351.0000000
1347.1600000
1347.1500000
1348.3100000
1348.3000000
1348.4500000
1349.6200000
1349.5900000
1345.6500000
1338.1000000
1339.9800000
1333.5700000
1330.4700000
1333.6300000
1332.2500000
1330.4500000
1330.1500000
1330.4900000
1329.7900000
1330.7000000
1331.0700000
1331.1500000
1342.5200000
1339.5300000
1339.9400000
1341.2100000
1339.1700000
1339.0200000
1339.4600000
1345.6900000
1342.8200000
1342.4000000
1343.0100000
1343.0900000
1344.1500000
1344.6900000
1348.0600000
1350.1000000
1349.2100000
1351.6300000
1359.2400000
1359.8800000
1358.5800000
1359.6900000
1365.9300000
1365.9500000
1365.9700000
1365.5500000
1365.3900000
1366.4300000
1364.6400000
1354.6700000
1354.4400000
1346.0800000
1346.3900000
1347.6000000
1350.1800000
1351.0400000
1342.9100000
1343.8100000
1343.7600000
1341.7800000
1340.9400000
1343.3400000
1375.7400000
1369.3600000
1371.7800000
1374.9100000
1378.7200000
1379.9700000
1385.0800000
1389.3200000
1387.5200000
1387.2900000
1387.5100000
1387.0300000
1386.4200000
1386.8900000
1385.2700000
1396.7300000
1402.7300000
1399.7400000
1401.5400000
1403.0500000
1400.3500000
1402.1300000
1402.7400000
1404.5000000
1404.8600000
1405.9800000
1408.4700000
1408.1600000
1409.5900000
1413.9300000
1418.0400000
1427.2600000
1426.7500000
1426.6000000
1429.6000000
1435.9200000
1437.4500000
1438.3300000
1438.5900000
1438.9400000
1437.8700000
1437.4400000
1427.4500000
1426.3000000
1433.2900000
1435.6500000
1438.7300000
1439.1600000
1438.3000000
1441.8500000
1444.3100000
1443.3400000
1444.0100000
1444.2900000
1444.4800000
1444.3700000
1435.4600000
1438.4400000
1444.9400000
1445.2300000
1442.4600000
1446.5700000
1444.0400000
1439.6200000
1435.7600000
1436.9600000
1436.5300000
1438.3600000
1437.6100000
1435.4200000
1427.0300000
1426.4500000
1424.3700000
1420.2500000
1416.6700000
1417.8600000
1414.1900000
1411.2900000
1414.2800000
1413.7800000
1415.1600000
1414.8300000
1414.3500000
1415.8000000
1419.3500000
1418.6600000
1415.4300000
1415.0700000
1417.9700000
1411.8200000
1411.2600000
1408.5300000
1414.6200000
1411.7300000
1413.2700000
1414.6800000
1413.4600000
1413.8100000
1416.6900000
1411.4200000
1416.7600000
1425.5300000
1427.7100000
1427.1500000
1427.4700000
1428.1300000
1422.5800000
1421.1100000
1421.4400000
1419.6600000
1416.7100000
1415.7800000
1401.7600000
1406.9800000
1411.5700000
1406.5400000
1406.0500000
1402.3700000
1401.4600000
1401.8000000
1405.1500000
1406.1700000
1406.3800000
1405.1900000
1403.8900000
1405.4600000
1390.6600000
1381.3300000
1386.7200000
1383.7700000
1385.4500000
1394.4200000
1393.8300000
1391.2600000
1394.3000000
1395.4000000
1397.2400000
1398.3000000
1398.8200000
1399.0700000
1407.8800000
1405.8300000
1406.9500000
1407.6500000
1406.5100000
1407.0500000
1407.0900000
1416.2200000
1416.5000000
1416.4900000
1417.2200000
1417.2500000
1416.9600000
1417.1000000
1415.6400000
1418.3900000
1420.7400000
1419.5200000
1419.1400000
1418.4000000
1416.8500000
1414.5500000
1422.0300000
1421.4400000
1422.2100000
1421.9900000
1422.5200000
1422.2100000
1426.8000000
1425.6300000
1431.4300000
1434.4700000
1431.8400000
1437.9700000
1437.4600000
1434.7800000
1430.1700000
1431.6500000
1432.1200000
1432.6200000
1432.5300000
1432.5900000
1432.9600000
1431.5800000
1435.0200000
1427.6100000
1428.0100000
1430.6700000
1425.1700000
1427.9500000
1426.2900000
1427.9000000
1428.2100000
1427.9700000
1427.9000000
1427.9900000
1433.9900000
1437.4200000
1439.4500000
1439.3300000
1441.3600000
1443.7400000
1441.0100000
1440.3900000
1434.4700000
1434.8900000
1435.5700000
1434.1900000
1432.8700000
1433.1600000
1423.8800000
1427.8300000
1423.0400000
1421.2200000
1420.4700000
1415.5400000
1418.4100000
1417.9200000
1415.3800000
1415.8400000
1414.6900000
1414.9600000
1415.9600000
1415.6900000
1398.1100000
1395.4800000
1386.1900000
1382.2900000
1386.2100000
1380.5800000
1381.5400000
1372.0300000
1372.9700000
1372.6800000
1374.0500000
1375.4900000
1375.7600000
1376.5200000
1376.7500000
1360.7400000
1368.7900000
1368.3500000
1366.4200000
1372.0900000
1369.9200000
1372.4000000
1365.7500000
1363.8500000
1362.4700000
1362.6800000
1361.4800000
1360.9200000
1354.5900000
1373.2000000
1377.1100000
1383.3200000
1374.0100000
1377.2200000
1377.1900000
1374.2000000
1367.6700000
1366.3200000
1367.4200000
1370.9000000
1371.6400000
1370.4700000
1373.8800000
1371.8300000
1361.4700000
1360.9800000
1371.0000000
1374.9900000
1383.7300000
1382.3600000
1384.0600000
1383.6500000
1384.0700000
1385.5300000
1384.8000000
1384.8800000
1389.8200000
1390.5500000
1391.1400000
1390.8400000
1398.1500000
1396.0500000
1399.7800000
1401.3500000
1406.3000000
1409.9600000
1410.5400000
1415.5000000
1415.0200000
1415.1000000
1422.1500000
1428.5100000
1423.9400000
1427.7800000
1428.0000000
1427.3600000
1424.7500000
1429.2100000
1428.6200000
1425.9800000
1426.8900000
1427.4200000
1427.5700000
1427.7000000
1424.5200000
1422.6400000
1424.7500000
1423.9000000
1421.5000000
1419.4200000
1413.4100000
1407.2900000
1407.0200000
1406.9700000
1405.7100000
1406.1900000
1406.4300000
1406.3600000
1407.9300000
1416.4700000
1413.2000000
1413.1900000
1412.0200000
1418.9700000
1415.2600000
1413.8100000
1411.8500000
1410.3200000
1410.0100000
1409.5100000
1406.9600000
1409.6900000
1406.7500000
1412.1700000
1414.6300000
1422.7400000
1428.3700000
1421.9100000
1394.5700000
1393.5100000
1397.0500000
1392.8800000
1392.4100000
1392.2600000
1393.4300000
1394.1100000
1396.2600000
1398.2900000
1400.3200000
1398.9900000
1407.6100000
1407.9300000
1409.6100000
1417.5000000
1421.2800000
1421.3500000
1421.5600000
1421.6900000
1421.8400000
1421.9900000
1424.5200000
1421.4100000
1423.6700000
1426.9100000
1438.5500000
1444.9100000
1440.3500000
1443.0900000
1439.0600000
1438.1200000
1438.2500000
1437.7600000
1437.4000000
1437.3000000
1441.2300000
1447.2800000
1443.3000000
1442.6600000
1445.1600000
1447.7000000
1445.4100000
1448.0700000
1450.7400000
1453.7100000
1453.7800000
1453.3800000
1450.9600000
1449.8600000
1439.5700000
1446.2000000
1447.1900000
1445.9600000
1446.9100000
1447.2800000
1446.3900000
1450.3300000
1449.4900000
1452.1800000
1451.7700000
1451.4000000
1449.6300000
1450.9600000
1460.2800000
1457.0300000
1454.0500000
1456.1200000
1444.8000000
1442.5300000
1449.8600000
1452.3500000
1456.4100000
1452.7800000
1453.0700000
1454.1800000
1455.5100000
1455.9500000
1442.7700000
1447.5800000
1445.6800000
1440.5900000
1431.0300000
1433.0400000
1436.0400000
1434.9500000
1441.5900000
1442.8400000
1443.5700000
1443.4700000
1444.0900000
1445.0400000
1450.2500000
1447.3800000
1449.3700000
1450.4100000
1453.5700000
1461.9200000
1460.8700000
1459.6600000
1452.4200000
1450.7300000
1450.9800000
1451.6200000
1451.9100000
1451.9800000
1459.1400000
1462.1500000
1455.3600000
1454.9500000
1455.9600000
1457.1900000
1460.6300000
1459.3500000
1462.5700000
1464.5600000
1463.8700000
1463.8400000
1462.0600000
1461.6500000
1454.0500000
1442.9600000
1444.1300000
1436.1300000
1438.3000000
1436.1500000
1437.8300000
1447.4400000
1448.3200000
1450.5300000
1450.7100000
1450.8100000
1450.9500000
1451.3800000
1455.0100000
1452.7300000
1453.9800000
1451.5900000
1448.3400000
1452.2200000
1450.7900000
1446.3000000
1451.8700000
1453.3700000
1453.4200000
1453.9700000
1454.0600000
1454.5300000
1453.8400000
1456.2100000
1455.4800000
1453.8100000
1450.5000000
1449.8600000
1450.3100000
1450.7800000
1444.2700000
1445.4400000
1446.2300000
1448.0300000
1448.2000000
1448.2700000
1445.2300000
1424.7000000
1431.7700000
1430.5900000
1430.8700000
1429.6600000
1426.9900000
1426.6700000
1428.7500000
1441.1200000
1432.4500000
1432.3100000
1432.5300000
1432.5800000
1442.1400000
1452.6200000
1457.7100000
1454.0100000
1455.5500000
1455.7800000
1454.2900000
1453.5000000
1454.4800000
1452.0400000
1450.9000000
1450.4700000
1447.6700000
1447.4100000
1439.6800000
1441.4500000
1446.0700000
1442.6600000
1442.7600000
1444.8200000
1444.5100000
1446.1700000
1446.8400000
1447.4200000
1447.5200000
1447.0700000
1450.4000000
1450.1900000
1468.9700000
1468.7900000
1463.6500000
1468.0200000
1467.7300000
1463.8300000
1457.2200000
1455.2300000
1453.5000000
1452.8500000
1452.4500000
1449.5500000
1449.6500000
1449.2000000
1442.2200000
1445.2600000
1450.8400000
1453.5400000
1447.0100000
1445.1600000
1444.3600000
1443.4500000
1454.0800000
1455.2600000
1454.8900000
1455.6000000
1454.3700000
1453.6900000
1450.6300000
1447.5700000
1446.6900000
1446.5200000
1452.1300000
1450.7400000
1449.6900000
1442.4100000
1448.5700000
1448.1700000
1448.8900000
1448.4600000
1448.1300000
1448.0800000
1446.3200000
1453.9800000
1450.6100000
1454.1300000
1454.0300000
1452.2900000
1446.4100000
1448.1800000
1450.8100000
1450.7100000
1451.3800000
1450.9200000
1451.1700000
1451.1500000
1456.8500000
1452.3500000
1441.6200000
1439.2600000
1443.5800000
1445.1400000
1445.4500000
1444.3200000
1437.1400000
1437.5000000
1438.4200000
1439.2800000
1440.0500000
1440.2100000
1426.9600000
1433.3700000
1433.6600000
1435.9700000
1432.1500000
1434.8500000
1432.5200000
1432.5600000
1429.8200000
1430.8000000
1430.8800000
1430.6000000
1430.9100000
1432.5900000
1434.6600000
1434.5200000
1436.0900000
1428.9900000
1429.7500000
1422.2500000
1425.0500000
1424.2300000
1422.9100000
1423.1000000
1421.1400000
1421.5600000
1422.1700000
1422.3800000
1427.4100000
1432.3600000
1436.8400000
1438.4500000
1437.3800000
1436.4600000
1437.5300000
1437.0500000
1439.3100000
1440.7900000
1440.4700000
1440.4800000
1440.6900000
1440.7000000
1442.7900000
1441.5000000
1438.8800000
1442.1400000
1437.1100000
1440.1100000
1437.3800000
1437.2400000
1436.5200000
1436.4400000
1436.5400000
1436.2100000
1437.8300000
1437.9300000
1427.9400000
1426.5500000
1425.3700000
1428.7500000
1428.9700000
1422.4800000
1424.3000000
1422.4600000
1421.6200000
1421.1600000
1421.7000000
1421.7000000
1421.8600000
1421.9900000
1433.2000000
1433.9300000
1435.3000000
1436.9700000
1438.6000000
1436.5200000
1433.1700000
1446.8900000
1455.0700000
1455.1700000
1456.1100000
1456.3200000
1456.7900000
1456.0400000
1465.9200000
1476.2100000
1476.0700000
1478.2900000
1479.7100000
1484.0000000
1477.9200000
1476.4300000
1474.5800000
1474.1200000
1474.7400000
1474.9000000
1474.6000000
1474.5500000
1474.3100000
1468.9600000
1472.2100000
1472.3700000
1476.2500000
1475.7000000
1475.9200000
1476.7200000
1478.8300000
1477.9200000
1477.8100000
1477.5200000
1477.3400000
1476.0400000
1473.5700000
1471.8300000
1468.5100000
1473.1500000
1470.7500000
1475.9100000
1472.8500000
1476.8600000
1478.0500000
1476.5500000
1476.7800000
1476.2800000
1476.7300000
1476.2900000
1482.2100000
1480.1400000
1473.3800000
1474.4500000
1478.6000000
1478.6000000
1478.1600000
1479.3700000
1478.5400000
1478.5700000
1478.5300000
1478.6900000
1478.7300000
1478.4600000
1473.8100000
1470.9900000
1471.2400000
1471.4000000
1471.6700000
1472.4200000
1471.8200000
1469.2900000
1472.6000000
1474.9200000
1481.4400000
1487.2700000
1490.1100000
1491.0500000
1518.3500000
1517.1900000
1515.3900000
1523.4200000
1529.0300000
1534.5200000
1531.1700000
1532.9300000
1535.3800000
1534.1300000
1533.8600000
1532.0500000
1532.4900000
1532.8200000
1527.3400000
1535.2000000
1532.0500000
1537.1500000
1536.1600000
1535.0900000
1531.6300000
1528.5300000
1530.3600000
1531.5500000
1531.1900000
1529.0000000
1527.1700000
1524.8200000
1526.4300000
1530.7300000
1529.3100000
1528.4100000
1528.7300000
1530.3300000
1527.6600000
1518.8500000
1515.3000000
1513.8600000
1513.2500000
1513.8100000
1514.0500000
1513.8200000
1524.2800000
1508.9100000
1497.3600000
1500.7500000
1501.4100000
1490.6200000
1502.1200000
1497.7900000
1499.1200000
1501.5800000
1502.1000000
1499.6400000
1500.3600000
1500.7200000
1486.5700000
1488.8400000
1494.8300000
1497.7400000
1496.9100000
1492.1300000
1494.1300000
1492.3000000
1499.2800000
1499.4700000
1497.9200000
1497.8000000
1499.1200000
1499.5300000
1504.9400000
1507.5400000
1503.7800000
1498.5000000
1496.4200000
1500.6000000
1498.0700000
1499.0300000
1496.6500000
1494.3300000
1495.1400000
1495.3200000
1494.8500000
1494.9000000
1484.2500000
1486.1700000
1482.3300000
1482.4500000
1484.9500000
1487.9700000
1483.6300000
1483.8700000
1489.9200000
1490.3600000
1490.1100000
1490.0200000
1491.5500000
1492.2200000
1497.3100000
1497.3400000
1492.2900000
1481.9000000
1483.2100000
1486.2000000
1489.4900000
1484.7700000
1482.6100000
1483.2800000
1479.4700000
1478.4100000
1478.6700000
1476.1500000
1466.6200000
1462.8500000
1457.4500000
1455.7700000
1456.9900000
1458.1300000
1455.1900000
1455.3500000
1445.3800000
1447.2300000
1447.5400000
1448.4100000
1448.8400000
1448.3500000
1455.7900000
1449.3100000
1440.8400000
1446.7800000
1444.6400000
1448.4000000
1453.8400000
1448.9900000
1453.0900000
1455.6500000
1459.7300000
1459.7500000
1459.8900000
1460.0900000
1460.5100000
1460.1600000
1465.2500000
1465.9600000
1459.3900000
1461.0300000
1459.0700000
1452.3500000
1458.2600000
1458.3900000
1460.7200000
1460.7100000
1460.5000000
1459.0100000
1462.3200000
1469.5500000
1471.0700000
1473.7100000
1471.1000000
1472.2000000
1476.7500000
1479.1800000
1490.2100000
1491.3000000
1489.1000000
1488.3700000
1488.3400000
1487.7700000
1481.6700000
1483.5600000
1488.0300000
1485.5800000
1489.3300000
1486.7000000
1483.2900000
1482.8300000
1485.6300000
1483.3500000
1483.6700000
1483.6800000
1483.4200000
1483.0300000
1474.4000000
1473.0100000
1471.8400000
1479.6500000
1481.3100000
1482.1600000
1480.7300000
1474.4400000
1472.5000000
1474.9200000
1475.4400000
1472.5100000
1471.7400000
1471.6100000
1474.9000000
1467.7400000
1455.1000000
1456.4800000
1457.5300000
1459.5700000
1455.8600000
1454.7100000
1456.7400000
1456.3300000
1457.4700000
1459.0900000
1460.4800000
1462.0200000
1466.5700000
1475.1900000
1480.2800000
1482.9900000
1485.7100000
1486.6200000
1483.2800000
1481.1300000
1477.6000000
1476.9200000
1476.5200000
1476.7900000
1476.5700000
1475.6000000
1468.2100000
1460.7700000
1465.7200000
1465.1800000
1467.7300000
1469.0000000
1467.8900000
1470.8400000
1473.6100000
1474.1200000
1474.3000000
1474.3900000
1473.8300000
1474.6900000
1479.3000000
1471.8300000
1474.4000000
1474.1600000
1471.7800000
1476.7100000
1480.3300000
1476.9400000
1472.9400000
1470.7500000
1471.0100000
1471.5900000
1471.4700000
1470.9800000
1465.4700000
1467.4300000
1465.7500000
1463.0600000
1465.9900000
1463.8000000
1464.5400000
1459.7900000
1460.9300000
1458.7900000
1457.7200000
1457.0100000
1457.5400000
1457.7000000
1454.3400000
1461.1200000
1463.4500000
1463.6000000
1465.3000000
1463.5000000
1465.6100000
1463.8300000
1463.1200000
1462.2700000
1462.4500000
1461.9400000
1462.1400000
1462.3000000
1456.4400000
1458.2800000
1456.7600000
1449.2700000
1450.3300000
1451.5600000
1445.6500000
1446.7200000
1446.0100000
1445.2400000
1445.0400000
1445.2700000
1446.6700000
1447.1100000
1445.9600000
1449.8600000
1449.2900000
1454.3900000
1454.7800000
1452.8700000
1448.5900000
1444.4900000
1443.4200000
1444.2600000
1445.0200000
1445.0000000
1445.1300000
1445.2500000
1450.6600000
1452.3800000
1446.2900000
1440.2800000
1444.9200000
1452.8700000
1452.5100000
1454.0700000
1456.0700000
1457.5300000
1457.2100000
1456.9700000
1456.8200000
1456.7900000
1456.6800000
1456.4700000
1455.9100000
1458.0000000
1467.2700000
1475.0600000
1476.6600000
1475.3500000
1474.3000000
1474.5900000
1474.7500000
1473.8000000
1473.8000000
1474.1200000
1484.1000000
1479.7900000
1483.5100000
1480.6000000
1472.3300000
1472.5900000
1469.5900000
1474.1500000
1475.2700000
1476.1700000
1476.0300000
1475.1300000
1474.2300000
1474.3600000
1470.2500000
1470.6400000
1463.2100000
1465.7900000
1464.7900000
1465.6500000
1463.3100000
1462.2700000
1460.0600000
1458.9200000
1457.8900000
1457.7600000
1457.0800000
1457.0500000
1457.7800000
1459.0400000
1463.7100000
1462.1100000
1469.0500000
1465.9900000
1465.0600000
1468.7200000
1474.9200000
1472.5400000
1473.1600000
1471.8200000
1471.9000000
1472.4300000
1472.5100000
1466.8300000
1467.3600000
1464.3200000
1453.3000000
1454.2700000
1455.8000000
1454.4700000
1455.3100000
1456.0300000
1456.3700000
1455.9200000
1455.9200000
1455.9100000
1456.9000000
1450.0000000
1449.1800000
1453.0900000
1456.4700000
1458.1200000
1458.6400000
1453.9600000
1451.6100000
1450.2900000
1451.2200000
1451.0800000
1451.1700000
1449.9700000
1449.6900000
1449.4700000
1457.5700000
1449.5200000
1448.7800000
1449.5200000
1448.6400000
1449.4800000
1446.0000000
1444.0400000
1444.5500000
1446.1700000
1446.2200000
1446.2000000
1432.6500000
1427.1600000
1427.0200000
1429.0200000
1426.8900000
1430.3000000
1436.6900000
1436.2200000
1433.5200000
1433.1000000
1433.2200000
1433.8300000
1434.3000000
1434.6200000
1431.5800000
1429.7200000
1422.8700000
1424.5400000
1429.4500000
1424.8400000
1428.6300000
1429.3800000
1431.9000000
1430.7700000
1430.7300000
1430.3300000
1430.2400000
1430.5100000
1428.8800000
1434.6200000
1436.0600000
1429.4700000
1424.4800000
1423.2900000
1424.7400000
1425.8200000
1421.7500000
1421.9700000
1421.9900000
1421.5200000
1421.4700000
1421.1700000
1431.2300000
1432.3800000
1428.2200000
1435.0700000
1432.9800000
1433.2200000
1434.1600000
1430.9500000
1425.7000000
1424.9700000
1423.5200000
1423.3700000
1423.6000000
1423.4600000
1425.7500000
1423.6100000
1410.2800000
1409.6700000
1411.1500000
1414.2200000
1415.1600000
1429.6800000
1430.9100000
1435.2200000
1434.7900000
1434.1900000
1434.2500000
1434.4800000
1437.6200000
1436.6000000
1430.8200000
1432.6500000
1431.3600000
1433.8300000
1443.8900000
1441.1500000
1440.2500000
1441.9500000
1441.3200000
1440.7500000
1438.7000000
1438.4100000
1440.7000000
1439.2300000
1446.5800000
1444.8000000
1446.6700000
1447.0500000
1448.6400000
1447.7200000
1446.4600000
1446.8400000
1447.1500000
1448.3200000
1448.8300000
1449.0400000
1448.7700000
1452.3100000
1451.0300000
1446.6700000
1442.0100000
1438.2400000
1431.8300000
1423.3600000
1420.9100000
1420.8700000
1421.2600000
1421.4600000
1420.4500000
1413.1400000
1418.6800000
1416.7400000
1411.8100000
1414.2200000
1411.3500000
1413.9500000
1403.1700000
1407.7900000
1403.5800000
1404.0500000
1403.9500000
1403.4500000
1404.1600000
1407.7200000
1403.7800000
1393.2100000
1399.7700000
1400.4100000
1400.1800000
1396.4700000
1395.0900000
1401.3200000
1401.8800000
1402.3300000
1403.8000000
1403.5900000
1404.2500000
1402.3200000
1399.3600000
1397.1100000
1399.9500000
1399.5100000
1404.7900000
1405.8700000
1408.9700000
1407.9000000
1405.8200000
1405.8200000
1408.0000000
1408.9900000
1408.5100000
1392.6000000
1393.7000000
1394.1300000
1396.2900000
1384.4300000
1385.6800000
1383.8100000
1379.4100000
1373.8300000
1374.1800000
1376.7200000
1376.9900000
1376.9900000
1377.1600000
1372.5700000
1378.5300000
1375.3400000
1377.1300000
1373.4500000
1367.1200000
1365.9700000
1368.5200000
1372.1900000
1372.2500000
1372.9800000
1372.6800000
1373.1300000
1372.6000000
1370.6300000
1372.5100000
1372.5600000
1373.1400000
1377.1000000
1376.3000000
1373.7500000
1378.5600000
1386.2500000
1384.5300000
1383.9500000
1383.5200000
1383.6800000
1383.8500000
1379.7400000
1383.1700000
1384.5700000
1377.3700000
1377.4900000
1379.4600000
1383.5500000
1387.4300000
1383.6600000
1383.6700000
1384.2500000
1385.9000000
1385.6200000
1385.5000000
1395.9800000
1396.8500000
1396.1200000
1394.5600000
1395.4200000
1398.1300000
1398.4600000
1399.3800000
1398.5700000
1399.1900000
1398.8900000
1398.9200000
1398.9500000
1399.1500000
1396.3000000
1391.3400000
1390.7300000
1392.1200000
1393.7700000
1392.8700000
1390.1800000
1393.3300000
1396.3900000
1396.7500000
1396.7400000
1396.1400000
1394.8700000
1394.9500000
1391.9300000
1391.6000000
1396.6000000
1396.1100000
1394.5300000
1404.6500000
1406.6500000
1405.7200000
1405.7000000
1404.0700000
1404.0100000
1403.9300000
1403.9900000
1404.3100000
1407.1100000
1410.7400000
1406.8100000
1404.4000000
1406.3000000
1406.5400000
1405.7700000
1402.6200000
1402.6400000
1404.0500000
1404.1700000
1404.6900000
1404.7700000
1404.9600000
1408.0700000
1408.4400000
1401.6500000
1406.5000000
1403.1100000
1404.9300000
1405.5100000
1409.1500000
1413.1500000
1416.7800000
1417.0400000
1417.2000000
1417.5300000
1417.1700000
1414.4600000
1410.7400000
1410.4700000
1404.4800000
1405.4000000
1405.0000000
1402.4600000
1406.1800000
1403.9400000
1403.8000000
1404.1400000
1404.6400000
1404.8900000
1404.8600000
1409.9500000
1412.2800000
1405.6000000
1404.8600000
1402.0400000
1398.5600000
1399.8000000
1398.1300000
1394.8700000
1393.3600000
1394.2800000
1394.6600000
1394.6300000
1395.1900000
1392.1100000
1387.9500000
1385.5200000
1382.3800000
1384.2800000
1386.1900000
1384.1000000
1380.4200000
1380.9400000
1381.0100000
1381.7400000
1382.7700000
1382.6700000
1382.9800000
1393.3100000
1390.3100000
1390.8200000
1388.6800000
1388.3400000
1387.3400000
1392.4200000
1388.9700000
1388.3100000
1388.0600000
1386.5700000
1388.4100000
1389.4100000
1389.5900000
1387.7300000
1397.9500000
1397.6400000
1398.3300000
1400.7200000
1406.1800000
1411.0700000
1406.1000000
1405.9700000
1404.5400000
1404.4800000
1404.6200000
1405.1100000
1405.1900000
1406.5000000
1404.2500000
1406.2800000
1407.0300000
1410.2500000
1410.4400000
1413.7400000
1417.9300000
1421.9700000
1418.6400000
1418.8400000
1419.5600000
1418.3200000
1417.3500000
1414.9600000
1414.1300000
1419.7900000
1418.6200000
1416.1700000
1414.7000000
1411.4400000
1409.7600000
1411.8300000
1413.3400000
1413.6100000
1413.5500000
1412.7700000
1412.6700000
1422.2600000
1432.7700000
1438.1500000
1436.1100000
1434.6200000
1434.5700000
1436.0000000
1434.1400000
1435.9700000
1435.1400000
1437.2800000
1438.9600000
1439.0000000
1438.6400000
1442.3000000
1447.0000000
1447.6000000
1444.3700000
1439.3700000
1435.4700000
1439.2100000
1438.9400000
1438.5400000
1439.3400000
1439.5400000
1438.8100000
1438.6700000
1438.4500000
1437.8200000
1432.4000000
1431.3900000
1430.1700000
1429.7700000
1429.2600000
1429.9800000
1435.3100000
1441.4700000
1446.5400000
1450.8400000
1449.4300000
1448.3500000
1448.4900000
1449.9000000
1445.1700000
1447.3200000
1447.7200000
1447.9800000
1448.5200000
1448.5200000
1448.5400000
1448.5200000
1446.7600000
1446.7600000
1443.1300000
1444.5500000
1445.5200000
1445.0100000
1451.5800000
1449.3000000
1448.4300000
1448.5000000
1448.8900000
1449.1200000
1450.0900000
1450.0900000
1460.3000000
1463.8400000
1463.5200000
1466.3100000
1465.1700000
1467.4700000
1468.7300000
1467.3800000
1466.5100000
1468.0700000
1469.6000000
1471.7000000
1472.0000000
1471.8000000
1463.5300000
1468.4900000
1467.2000000
1463.1900000
1459.2800000
1456.3900000
1457.6200000
1457.4900000
1462.8700000
1462.0600000
1461.2800000
1461.0300000
1460.7500000
1460.5200000
1466.9600000
1468.6900000
1468.7900000
1466.9300000
1465.3500000
1464.5000000
1465.2900000
1463.5400000
1466.1500000
1465.8300000
1465.5200000
1466.0900000
1465.8100000
1465.7700000
1461.8600000
1465.7200000
1464.4000000
1462.9600000
1465.8000000
1458.6900000
1460.4700000
1465.3800000
1469.5300000
1471.7800000
1472.4900000
1472.4200000
1472.2600000
1472.4900000
1477.0300000
1479.6200000
1484.2500000
1482.3800000
1483.3000000
1484.1000000
1481.3100000
1475.7600000
1481.5400000
1481.8700000
1482.7100000
1483.6000000
1483.7000000
1483.7700000
1485.8400000
1485.8500000
1481.7500000
1482.9500000
1480.2500000
1480.9800000
1479.5300000
1478.4000000
1478.8300000
1477.5200000
1478.1400000
1477.8000000
1477.7400000
1477.6900000
1470.2300000
1473.9200000
1476.5400000
1477.5400000
1482.0300000
1485.7700000
1482.8300000
1488.0200000
1488.2200000
1489.5400000
1489.6300000
1489.7100000
1490.3100000
1489.9700000
1470.9700000
1474.3600000
1480.1900000
1480.6000000
1479.8800000
1480.2500000
1480.4000000
1477.4700000
1477.4400000
1480.3100000
1479.4200000
1479.4400000
1479.4500000
1479.5000000
1480.1200000
1479.4000000
1475.2400000
1475.5800000
1477.2100000
1476.6900000
1475.2200000
1473.6800000
1471.7300000
1471.8700000
1471.7700000
1472.0500000
1472.1700000
1472.6200000
1472.9700000
1473.2400000
1469.3300000
1471.9200000
1471.2500000
1471.1200000
1471.0900000
1473.7200000
1473.5300000
1473.9800000
1474.0400000
1473.7400000
1473.8200000
1473.8700000
1472.1800000
1473.7300000
1471.4400000
1472.5800000
1476.3000000
1476.0700000
1475.7600000
1477.0100000
1478.6100000
1478.6800000
1477.7300000
1477.6000000
1477.4000000
1477.4400000
1478.0200000
1481.5100000
1481.4900000
1481.3600000
1480.5200000
1481.3700000
1480.4900000
1477.9300000
1478.2400000
1474.7400000
1474.6800000
1473.8900000
1473.9200000
1473.9200000
1476.3500000
1478.7800000
1476.2900000
1474.4700000
1474.7500000
1474.8300000
1473.3200000
1473.8900000
1474.7200000
1478.9000000
1478.8700000
1477.8900000
1477.8900000
1477.8700000
